0 00001001100100011101001
1 000010011001000111010001
2 0000100110010001110100001
3 00001001100100011101000001
4 000010011001000111010000001
5 0000100110010001110100000001
6 00001001100100011101000000001
7 000010011001000111010000000001
8 0000100110010001110100000000001
9 00001001100100011101000000000001
10 00111
11 000010011001000111010000000000001
12 0000100110010001110100000000000001
13 00110
14 00001001100100011101000000000000001
15 000010011001000111010000000000000001
16 0000100110010001110100000000000000001
17 00001001100100011101000000000000000001
18 000010011001000111010000000000000000001
19 0000100110010001110100000000000000000001
20 00001001100100011101000000000000000000001
21 000010011001000111010000000000000000000001
22 0000100110010001110100000000000000000000001
23 00001001100100011101000000000000000000000001
24 000010011001000111010000000000000000000000001
25 0000100110010001110100000000000000000000000001
26 00001001100100011101000000000000000000000000001
27 000010011001000111010000000000000000000000000001
28 0000100110010001110100000000000000000000000000001
29 00001001100100011101000000000000000000000000000001
30 000010011001000111010000000000000000000000000000001
31 0000100110010001110100000000000000000000000000000001
32 00001001100100011101000000000000000000000000000000001
33 000010011011001
34 000010011001000111010000000000000000000000000000000001
35 000010011011000001010
36 000010011011000000
37 0000100110010001110100000000000000000000000000000000001
38 00001001100100011101000000000000000000000000000000000001
39 000010011001000111010000000000000000000000000000000000001
40 0000100110110000010111
41 0000100110110000010110
42 0000100110010000
43 0000100110010001110100000000000000000000000000000000000001
44 000010011010101010
45 00001001100100011101000000000000000000000000000000000000001
46 000010011010111
47 00001001101100000100
48 000010011010100
49 00001001100101
50 00001001100111
51 000010011011010
52 000010011011011
53 00001001100011
54 0000100110100
55 0000100110111
56 000010011010110
57 00001001100010
58 0000100110110001
59 000010011001000111001
60 000010011001000111010000000000000000000000000000000000000001
61 0000100110010001110100000000000000000000000000000000000000001
62 00001001100100011101000000000000000000000000000000000000000001
63 00001001100001
64 000010011001000111010000000000000000000000000000000000000000001
65 0000100110010001110100000000000000000000000000000000000000000001
66 00001001100100011101000000000000000000000000000000000000000000001
67 000010011001000111010000000000000000000000000000000000000000000001
68 0000100110010001110100000000000000000000000000000000000000000000001
69 00001001100100011101000000000000000000000000000000000000000000000001
70 000010011001000111010000000000000000000000000000000000000000000000001
71 0000100110010001110100000000000000000000000000000000000000000000000001
72 00001001100100011101000000000000000000000000000000000000000000000000001
73 000010011001000111010000000000000000000000000000000000000000000000000001
74 0000100110010001110100000000000000000000000000000000000000000000000000001
75 00001001100100011101000000000000000000000000000000000000000000000000000001
76 000010011001000111010000000000000000000000000000000000000000000000000000001
77 0000100110010001110100000000000000000000000000000000000000000000000000000001
78 00001001100110101101
79 00001001100110101100
80 00001001100100011101000000000000000000000000000000000000000000000000000000001
81 000010011001000111010000000000000000000000000000000000000000000000000000000001
82 0000100110010001110100000000000000000000000000000000000000000000000000000000001
83 00001001100100011101000000000000000000000000000000000000000000000000000000000001
84 000010011001000111010000000000000000000000000000000000000000000000000000000000001
85 0000100110010001110100000000000000000000000000000000000000000000000000000000000001
86 00001001100100011101000000000000000000000000000000000000000000000000000000000000001
87 00001001101100000111
88 000010011001000111010000000000000000000000000000000000000000000000000000000000000001
89 0000100110010001110100000000000000000000000000000000000000000000000000000000000000001
90 00001001100100011101000000000000000000000000000000000000000000000000000000000000000001
91 000010011001000111010000000000000000000000000000000000000000000000000000000000000000001
92 000010011001000111000
93 0000100110010001110100000000000000000000000000000000000000000000000000000000000000000001
94 00001001100100011101000000000000000000000000000000000000000000000000000000000000000000001
95 000010011001000111010000000000000000000000000000000000000000000000000000000000000000000001
96 0000100110010001110100000000000000000000000000000000000000000000000000000000000000000000001
97 000010011001101001
98 00001001101100000110
99 0000100110000001101
100 0000100110011011
101 000010011001100
102 0000100110101011
103 000010011010101001
104 000010011010101000
105 00001001101100001
106 00001001100100011101000000000000000000000000000000000000000000000000000000000000000000000001
107 000010011001000111010000000000000000000000000000000000000000000000000000000000000000000000001
108 0000100110010001110100000000000000000000000000000000000000000000000000000000000000000000000001
109 00001001100110101111
110 000010011000000101
111 00001001100110101110
112 00001001100110101001
113 000010011001000110
114 00001001100100011101000000000000000000000000000000000000000000000000000000000000000000000000001
115 00001001100000001
116 000010011010101011
117 00001001100000000
118 00001001100110101000
119 000010011000000100
120 000010011000001101
121 000010011001000111010000000000000000000000000000000000000000000000000000000000000000000000000001
122 0000100110010001110100000000000000000000000000000000000000000000000000000000000000000000000000001
123 000010011001000111011
124 00001001100100011101000000000000000000000000000000000000000000000000000000000000000000000000000001
125 00001001100110101011
126 000010011000001100
127 000010011001000111010000000000000000000000000000000000000000000000000000000000000000000000000000001
128 0000100110010001110100000000000000000000000000000000000000000000000000000000000000000000000000000001
129 0000100110000001100
130 0000100110010001111
131 00001001100100010
132 000010011000001111
133 00001001100100011101000000000000000000000000000000000000000000000000000000000000000000000000000000001
134 000010011001101000
135 00001001100110101010
136 000010011001000111010000000000000000000000000000000000000000000000000000000000000000000000000000000001
137 0000100110010001110100000000000000000000000000000000000000000000000000000000000000000000000000000000001
138 0000100110010001110101
139 000010011001001
140 0000100110000001111
141 00001001100100011101000000000000000000000000000000000000000000000000000000000000000000000000000000000001
142 000010011001000111010000000000000000000000000000000000000000000000000000000000000000000000000000000000001
143 0000100110010001110100000000000000000000000000000000000000000000000000000000000000000000000000000000000001
144 00001001100100011101000000000000000000000000000000000000000000000000000000000000000000000000000000000000001
145 000010011001000111010000000000000000000000000000000000000000000000000000000000000000000000000000000000000001
146 0000100110000001110
147 0000100110010001110100000000000000000000000000000000000000000000000000000000000000000000000000000000000000001
148 00001001100100011101000000000000000000000000000000000000000000000000000000000000000000000000000000000000000001
149 0000100110000010
150 000010011001000111010000000000000000000000000000000000000000000000000000000000000000000000000000000000000000001
151 0000100110010001110100000000000000000000000000000000000000000000000000000000000000000000000000000000000000000001
152 000010011000001110
153 00001001100100011101000000000000000000000000000000000000000000000000000000000000000000000000000000000000000000001
154 000010011001000111010000000000000000000000000000000000000000000000000000000000000000000000000000000000000000000001
155 0000100110010001110100000000000000000000000000000000000000000000000000000000000000000000000000000000000000000000001
156 00001001100100011101000000000000000000000000000000000000000000000000000000000000000000000000000000000000000000000001
157 000010011001000111010000000000000000000000000000000000000000000000000000000000000000000000000000000000000000000000001
158 0000100110010001110100000000000000000000000000000000000000000000000000000000000000000000000000000000000000000000000001
159 00001001100100011101000000000000000000000000000000000000000000000000000000000000000000000000000000000000000000000000001
160 000010011001000111010000000000000000000000000000000000000000000000000000000000000000000000000000000000000000000000000001
161 111101
162 11001100
163 11010
164 001000100
165 00001010
166 10011101
167 101111100
168 00010011
169 100000010
170 0101011
171 0010110
172 01111
173 00001000
174 1100100
175 111100010
176 000101
177 100101
178 100011
179 1110010
180 110111
181 11000
182 111011
183 000011
184 1111110
185 000111
186 101011
187 10110
188 000110
189 100001
190 010000
191 001010
192 010111
193 110110
194 0110111
195 101110
196 01001
197 1001101
198 1011110
199 111000
200 111010
201 011101
202 111110
203 10100
204 0101010
205 1111111
206 001001
207 011010
208 101010
209 1001111
210 01100
211 010110
212 100100
213 100010
214 00000
215 011100
216 11100110
217 00101111
218 1001100
219 101111110
220 10011100
221 000010010
222 00010010
223 00101110
224 111100011
225 110011101
226 1100101
227 11001111
228 11100111
229 00001011
230 00100011
231 111100000
232 0000100111
233 01000100
234 001000101
235 01010011
236 01010010
237 01010001
238 101111101
239 100000001
240 01101101
241 100000011
242 01010000
243 11001101
244 100000000
245 01101100
246 1000001
247 01000101
248 0001000
249 0010000
250 111100001
251 1111001
252 101111111
253 0100011
254 110011100
255 000010011001000111010000000000000000000000000000000000000000000000000000000000000000000000000000000000000000000000000000
