1766 1
0 0 0 0
1 2 0 0
2 3 1 1
3 399 1 1
4 5 2 1
5 6 4 1
6 41 4 1
7 8 5 1
8 9 7 1
9 34 7 1
10 11 8 1
11 12 10 1
12 12 11 1
13 14 12 1
14 14 13 1
15 16 14 1
16 17 15 1
17 17 16 1
18 19 17 1
19 19 18 1
20 20 19 1
21 22 20 1
22 23 21 1
23 24 22 1
24 24 23 1
25 26 24 1
26 26 25 1
27 27 26 1
28 28 27 1
29 29 28 1
30 30 29 1
31 31 30 1
32 33 31 1
33 2 -32 1
34 35 9 1
35 35 34 1
36 36 35 1
37 37 36 1
38 39 37 1
39 39 38 1
40 2 -39 1
41 43 6 1
42 261 6 1
43 44 41 1
44 239 41 1
45 46 43 1
46 47 45 1
47 221 45 1
48 48 46 1
49 50 48 1
50 51 49 1
51 53 50 1
52 127 50 1
53 54 51 1
54 55 53 1
55 56 54 1
56 56 55 1
57 58 56 1
58 58 57 1
59 59 58 1
60 60 59 1
61 61 60 1
62 62 61 1
63 64 62 1
64 65 63 1
65 65 64 1
66 66 65 1
67 68 66 1
68 68 67 1
69 69 68 1
70 71 69 1
71 71 70 1
72 73 71 1
73 74 72 1
74 75 73 1
75 76 74 1
76 76 75 1
77 78 76 1
78 79 77 1
79 80 78 1
80 80 79 1
81 82 80 1
82 82 81 1
83 84 82 1
84 85 83 1
85 85 84 1
86 87 85 1
87 87 86 1
88 88 87 1
89 89 88 1
90 90 89 1
91 91 90 1
92 92 91 1
93 93 92 1
94 95 93 1
95 95 94 1
96 97 95 1
97 97 96 1
98 99 97 1
99 99 98 1
100 101 99 1
101 102 100 1
102 103 101 1
103 104 102 1
104 105 103 1
105 105 104 1
106 106 105 1
107 107 106 1
108 109 107 1
109 110 108 1
110 110 109 1
111 112 110 1
112 113 111 1
113 114 112 1
114 114 113 1
115 115 114 1
116 117 115 1
117 117 116 1
118 119 117 1
119 120 118 1
120 120 119 1
121 121 120 1
122 122 121 1
123 124 122 1
124 124 123 1
125 126 124 1
126 2 -125 1
127 127 52 1
128 128 127 1
129 129 128 1
130 130 129 1
131 132 130 1
132 133 131 1
133 133 132 1
134 134 133 1
135 135 134 1
136 136 135 1
137 137 136 1
138 139 137 1
139 139 138 1
140 140 139 1
141 142 140 1
142 143 141 1
143 143 142 1
144 145 143 1
145 146 144 1
146 146 145 1
147 148 146 1
148 149 147 1
149 149 148 1
150 151 149 1
151 152 150 1
152 152 151 1
153 154 152 1
154 155 153 1
155 156 154 1
156 156 155 1
157 158 156 1
158 159 157 1
159 159 158 1
160 161 159 1
161 161 160 1
162 162 161 1
163 163 162 1
164 165 163 1
165 165 164 1
166 167 165 1
167 167 166 1
168 169 167 1
169 169 168 1
170 171 169 1
171 172 170 1
172 172 171 1
173 174 172 1
174 175 173 1
175 175 174 1
176 176 175 1
177 177 176 1
178 178 177 1
179 180 178 1
180 180 179 1
181 182 180 1
182 182 181 1
183 184 182 1
184 184 183 1
185 186 184 1
186 186 185 1
187 187 186 1
188 189 187 1
189 190 188 1
190 191 189 1
191 192 190 1
192 192 191 1
193 194 192 1
194 195 193 1
195 195 194 1
196 196 195 1
197 198 196 1
198 199 197 1
199 199 198 1
200 201 199 1
201 202 200 1
202 203 201 1
203 204 202 1
204 205 203 1
205 206 204 1
206 206 205 1
207 208 206 1
208 209 207 1
209 210 208 1
210 211 209 1
211 211 210 1
212 212 211 1
213 214 212 1
214 215 213 1
215 216 214 1
216 217 215 1
217 218 216 1
218 218 217 1
219 220 218 1
220 220 219 1
221 2 -220 1
222 223 47 1
223 223 222 1
224 224 223 1
225 225 224 1
226 227 225 1
227 227 226 1
228 229 227 1
229 229 228 1
230 230 229 1
231 231 230 1
232 232 231 1
233 234 232 1
234 235 233 1
235 235 234 1
236 237 235 1
237 238 236 1
238 2 -237 1
239 240 44 1
240 241 239 1
241 242 240 1
242 242 241 1
243 244 242 1
244 244 243 1
245 246 244 1
246 247 245 1
247 248 246 1
248 249 247 1
249 249 248 1
250 250 249 1
251 251 250 1
252 252 251 1
253 253 252 1
254 254 253 1
255 256 254 1
256 257 255 1
257 258 256 1
258 259 257 1
259 260 258 1
260 2 -259 1
261 262 42 1
262 264 261 1
263 360 261 1
264 264 262 1
265 266 264 1
266 268 265 1
267 287 265 1
268 269 266 1
269 269 268 1
270 271 269 1
271 271 270 1
272 272 271 1
273 274 272 1
274 275 273 1
275 276 274 1
276 276 275 1
277 278 276 1
278 279 277 1
279 280 278 1
280 280 279 1
281 282 280 1
282 282 281 1
283 283 282 1
284 284 283 1
285 286 284 1
286 2 -285 1
287 287 267 1
288 289 287 1
289 290 288 1
290 291 289 1
291 292 290 1
292 293 291 1
293 293 292 1
294 295 293 1
295 295 294 1
296 296 295 1
297 298 296 1
298 298 297 1
299 300 298 1
300 301 299 1
301 302 300 1
302 303 301 1
303 303 -302 1
304 304 303 1
305 305 304 1
306 306 305 1
307 307 306 1
308 308 307 1
309 309 308 1
310 311 309 1
311 311 310 1
312 312 311 1
313 314 312 1
314 314 313 1
315 315 314 1
316 317 315 1
317 318 316 1
318 318 317 1
319 319 318 1
320 320 319 1
321 322 320 1
322 323 321 1
323 323 322 1
324 325 323 1
325 325 324 1
326 326 325 1
327 327 326 1
328 328 327 1
329 330 328 1
330 331 329 1
331 332 330 1
332 332 331 1
333 334 332 1
334 335 333 1
335 335 334 1
336 337 335 1
337 338 336 1
338 338 337 1
339 340 338 1
340 340 339 1
341 341 340 1
342 343 341 1
343 343 342 1
344 345 343 1
345 346 344 1
346 346 345 1
347 348 346 1
348 348 347 1
349 349 348 1
350 351 349 1
351 352 350 1
352 352 351 1
353 354 352 1
354 354 353 1
355 356 354 1
356 357 355 1
357 358 356 1
358 359 357 1
359 2 -358 1
360 361 263 1
361 361 360 1
362 363 361 1
363 364 362 1
364 366 363 1
365 381 363 1
366 367 364 1
367 367 366 1
368 369 367 1
369 369 368 1
370 370 369 1
371 371 370 1
372 373 371 1
373 374 372 1
374 374 373 1
375 376 374 1
376 377 375 1
377 378 376 1
378 378 377 1
379 380 378 1
380 380 379 1
381 2 -380 1
382 382 365 1
383 383 382 1
384 385 383 1
385 385 384 1
386 387 385 1
387 388 386 1
388 388 387 1
389 390 388 1
390 391 389 1
391 391 390 1
392 393 391 1
393 394 392 1
394 395 393 1
395 395 394 1
396 397 395 1
397 397 396 1
398 2 -397 1
399 401 3 1
400 529 3 1
401 403 399 1
402 476 399 1
403 404 401 1
404 405 403 1
405 428 403 1
406 406 404 1
407 407 406 1
408 409 407 1
409 410 408 1
410 410 409 1
411 412 410 1
412 413 411 1
413 414 412 1
414 414 413 1
415 416 414 1
416 416 415 1
417 417 416 1
418 419 417 1
419 420 418 1
420 420 419 1
421 422 420 1
422 422 421 1
423 424 422 1
424 425 423 1
425 426 424 1
426 427 425 1
427 2 -426 1
428 428 405 1
429 429 428 1
430 430 429 1
431 431 430 1
432 433 431 1
433 434 432 1
434 434 433 1
435 436 434 1
436 436 435 1
437 438 436 1
438 438 437 1
439 439 438 1
440 440 439 1
441 442 440 1
442 442 441 1
443 444 442 1
444 444 443 1
445 446 444 1
446 447 445 1
447 448 446 1
448 448 447 1
449 450 448 1
450 451 449 1
451 452 450 1
452 453 451 1
453 454 452 1
454 454 453 1
455 456 454 1
456 456 455 1
457 457 456 1
458 458 457 1
459 459 458 1
460 461 459 1
461 462 460 1
462 462 461 1
463 463 462 1
464 464 463 1
465 466 464 1
466 467 465 1
467 468 466 1
468 468 467 1
469 470 468 1
470 471 469 1
471 472 470 1
472 472 471 1
473 474 472 1
474 474 473 1
475 2 -474 1
476 476 402 1
477 478 476 1
478 479 477 1
479 479 478 1
480 480 479 1
481 482 480 1
482 482 481 1
483 483 482 1
484 484 483 1
485 485 484 1
486 487 485 1
487 487 486 1
488 488 487 1
489 489 488 1
490 490 489 1
491 492 490 1
492 493 491 1
493 494 492 1
494 494 493 1
495 496 494 1
496 497 495 1
497 498 496 1
498 498 497 1
499 499 498 1
500 500 499 1
501 501 500 1
502 502 501 1
503 503 502 1
504 504 503 1
505 506 504 1
506 507 505 1
507 507 506 1
508 509 507 1
509 510 508 1
510 511 509 1
511 511 510 1
512 513 511 1
513 514 512 1
514 514 513 1
515 515 514 1
516 516 515 1
517 517 516 1
518 518 517 1
519 519 518 1
520 520 519 1
521 522 520 1
522 523 521 1
523 524 522 1
524 524 523 1
525 526 524 1
526 527 525 1
527 528 526 1
528 2 -527 1
529 531 400 1
530 629 400 1
531 533 529 1
532 567 529 1
533 533 531 1
534 535 533 1
535 536 534 1
536 536 535 1
537 537 536 1
538 539 537 1
539 540 538 1
540 541 539 1
541 542 540 1
542 543 541 1
543 544 542 1
544 544 543 1
545 546 544 1
546 547 545 1
547 547 546 1
548 548 547 1
549 550 548 1
550 551 549 1
551 551 550 1
552 553 551 1
553 553 552 1
554 554 553 1
555 556 554 1
556 557 555 1
557 558 556 1
558 558 557 1
559 560 558 1
560 561 559 1
561 561 560 1
562 562 561 1
563 564 562 1
564 564 563 1
565 565 564 1
566 566 565 1
567 2 -566 1
568 569 532 1
569 570 568 1
570 570 569 1
571 571 570 1
572 573 571 1
573 575 572 1
574 614 572 1
575 575 573 1
576 576 575 1
577 577 576 1
578 579 577 1
579 579 578 1
580 581 579 1
581 581 580 1
582 583 581 1
583 584 582 1
584 585 583 1
585 585 584 1
586 587 585 1
587 587 586 1
588 589 587 1
589 590 588 1
590 590 589 1
591 591 590 1
592 592 591 1
593 593 592 1
594 595 593 1
595 595 594 1
596 596 595 1
597 597 596 1
598 599 597 1
599 600 598 1
600 600 599 1
601 602 600 1
602 603 601 1
603 603 602 1
604 604 603 1
605 605 604 1
606 606 605 1
607 608 606 1
608 608 607 1
609 609 608 1
610 610 609 1
611 612 610 1
612 613 611 1
613 2 -612 1
614 614 574 1
615 616 614 1
616 616 615 1
617 618 616 1
618 618 617 1
619 619 618 1
620 620 619 1
621 622 620 1
622 623 621 1
623 623 622 1
624 625 623 1
625 625 624 1
626 626 625 1
627 628 626 1
628 2 -627 1
629 630 530 1
630 702 530 1
631 632 629 1
632 634 631 1
633 656 631 1
634 635 632 1
635 635 634 1
636 637 635 1
637 637 636 1
638 638 637 1
639 640 638 1
640 641 639 1
641 642 640 1
642 643 641 1
643 643 642 1
644 644 643 1
645 646 644 1
646 646 645 1
647 647 646 1
648 648 647 1
649 649 648 1
650 651 649 1
651 652 650 1
652 653 651 1
653 653 652 1
654 655 653 1
655 2 -654 1
656 657 633 1
657 657 656 1
658 659 657 1
659 659 658 1
660 660 659 1
661 662 660 1
662 663 661 1
663 664 662 1
664 665 663 1
665 665 664 1
666 666 665 1
667 668 666 1
668 669 667 1
669 670 668 1
670 670 669 1
671 672 670 1
672 672 671 1
673 673 672 1
674 675 673 1
675 675 674 1
676 676 675 1
677 678 676 1
678 678 677 1
679 679 678 1
680 680 679 1
681 681 680 1
682 682 681 1
683 684 682 1
684 685 683 1
685 685 684 1
686 686 685 1
687 688 686 1
688 688 687 1
689 690 688 1
690 690 689 1
691 691 690 1
692 693 691 1
693 693 692 1
694 694 693 1
695 695 694 1
696 696 695 1
697 698 696 1
698 699 697 1
699 700 698 1
700 701 699 1
701 701 700 1
702 2 -701 1
703 704 630 1
704 705 703 1
705 768 703 1
706 707 704 1
707 708 706 1
708 709 707 1
709 710 708 1
710 728 708 1
711 712 709 1
712 713 711 1
713 714 712 1
714 715 713 1
715 715 714 1
716 716 715 1
717 718 716 1
718 718 717 1
719 719 718 1
720 720 719 1
721 721 720 1
722 723 721 1
723 724 722 1
724 725 723 1
725 725 724 1
726 727 725 1
727 2 -726 1
728 728 710 1
729 729 728 1
730 731 729 1
731 732 730 1
732 732 731 1
733 734 732 1
734 735 733 1
735 736 734 1
736 736 735 1
737 738 736 1
738 738 737 1
739 740 738 1
740 741 739 1
741 742 740 1
742 743 741 1
743 743 742 1
744 744 743 1
745 745 744 1
746 746 745 1
747 747 746 1
748 749 747 1
749 749 748 1
750 750 749 1
751 752 750 1
752 753 751 1
753 753 752 1
754 754 753 1
755 756 754 1
756 757 755 1
757 758 756 1
758 758 757 1
759 759 758 1
760 761 759 1
761 761 760 1
762 763 761 1
763 764 762 1
764 764 763 1
765 766 764 1
766 767 765 1
767 767 766 1
768 2 -767 1
769 770 705 1
770 771 769 1
771 773 770 1
772 794 770 1
773 773 771 1
774 775 773 1
775 776 774 1
776 777 775 1
777 778 776 1
778 778 777 1
779 779 778 1
780 781 779 1
781 781 780 1
782 782 781 1
783 783 782 1
784 784 783 1
785 785 784 1
786 786 785 1
787 787 786 1
788 789 787 1
789 790 788 1
790 791 789 1
791 792 790 1
792 793 791 1
793 2 -792 1
794 795 772 1
795 814 772 1
796 797 794 1
797 798 796 1
798 799 797 1
799 800 798 1
800 801 799 1
801 802 800 1
802 803 801 1
803 803 802 1
804 804 803 1
805 805 804 1
806 806 805 1
807 808 806 1
808 809 807 1
809 809 808 1
810 810 809 1
811 812 810 1
812 812 811 1
813 2 -812 1
814 814 795 1
815 815 814 1
816 817 815 1
817 818 816 1
818 818 817 1
819 819 818 1
820 820 819 1
821 822 820 1
822 823 821 1
823 823 822 1
824 825 823 1
825 825 824 1
826 826 825 1
827 827 826 1
828 828 827 1
829 830 828 1
830 831 829 1
831 832 830 1
832 832 831 1
833 834 832 1
834 2 -833 1
835 0 0 0
836 0 0 0
837 0 0 0
838 0 0 0
839 0 0 0
840 0 0 0
841 0 0 0
842 0 0 0
843 0 0 0
844 0 0 0
845 0 0 0
846 0 0 0
847 0 0 0
848 0 0 0
849 0 0 0
850 0 0 0
851 0 0 0
852 0 0 0
853 0 0 0
854 0 0 0
855 0 0 0
856 0 0 0
857 0 0 0
858 0 0 0
859 0 0 0
860 0 0 0
861 0 0 0
862 0 0 0
863 0 0 0
864 0 0 0
865 0 0 0
866 0 0 0
867 0 0 0
868 0 0 0
869 0 0 0
870 0 0 0
871 0 0 0
872 0 0 0
873 0 0 0
874 0 0 0
875 0 0 0
876 0 0 0
877 0 0 0
878 0 0 0
879 0 0 0
880 0 0 0
881 0 0 0
882 0 0 0
883 0 0 0
884 0 0 0
885 0 0 0
886 0 0 0
887 0 0 0
888 0 0 0
889 0 0 0
890 0 0 0
891 0 0 0
892 0 0 0
893 0 0 0
894 0 0 0
895 0 0 0
896 0 0 0
897 0 0 0
898 0 0 0
899 0 0 0
900 0 0 0
901 0 0 0
902 0 0 0
903 0 0 0
904 0 0 0
905 0 0 0
906 0 0 0
907 0 0 0
908 0 0 0
909 0 0 0
910 0 0 0
911 0 0 0
912 0 0 0
913 0 0 0
914 0 0 0
915 0 0 0
916 0 0 0
917 0 0 0
918 0 0 0
919 0 0 0
920 0 0 0
921 0 0 0
922 0 0 0
923 0 0 0
924 0 0 0
925 0 0 0
926 0 0 0
927 0 0 0
928 0 0 0
929 0 0 0
930 0 0 0
931 0 0 0
932 0 0 0
933 0 0 0
934 0 0 0
935 0 0 0
936 0 0 0
937 0 0 0
938 0 0 0
939 0 0 0
940 0 0 0
941 0 0 0
942 0 0 0
943 0 0 0
944 0 0 0
945 0 0 0
946 0 0 0
947 0 0 0
948 0 0 0
949 0 0 0
950 0 0 0
951 0 0 0
952 0 0 0
953 0 0 0
954 0 0 0
955 0 0 0
956 0 0 0
957 0 0 0
958 0 0 0
959 0 0 0
960 0 0 0
961 0 0 0
962 0 0 0
963 0 0 0
964 0 0 0
965 0 0 0
966 0 0 0
967 0 0 0
968 0 0 0
969 0 0 0
970 0 0 0
971 0 0 0
972 0 0 0
973 0 0 0
974 0 0 0
975 0 0 0
976 0 0 0
977 0 0 0
978 0 0 0
979 0 0 0
980 0 0 0
981 0 0 0
982 0 0 0
983 0 0 0
984 0 0 0
985 0 0 0
986 0 0 0
987 0 0 0
988 0 0 0
989 0 0 0
990 0 0 0
991 0 0 0
992 0 0 0
993 0 0 0
994 0 0 0
995 0 0 0
996 0 0 0
997 0 0 0
998 0 0 0
999 0 0 0
1000 0 0 0
1001 0 0 0
1002 0 0 0
1003 0 0 0
1004 0 0 0
1005 0 0 0
1006 0 0 0
1007 0 0 0
1008 0 0 0
1009 0 0 0
1010 0 0 0
1011 0 0 0
1012 0 0 0
1013 0 0 0
1014 0 0 0
1015 0 0 0
1016 0 0 0
1017 0 0 0
1018 0 0 0
1019 0 0 0
1020 0 0 0
1021 0 0 0
1022 0 0 0
1023 0 0 0
1024 0 0 0
1025 0 0 0
1026 0 0 0
1027 0 0 0
1028 0 0 0
1029 0 0 0
1030 0 0 0
1031 0 0 0
1032 0 0 0
1033 0 0 0
1034 0 0 0
1035 0 0 0
1036 0 0 0
1037 0 0 0
1038 0 0 0
1039 0 0 0
1040 0 0 0
1041 0 0 0
1042 0 0 0
1043 0 0 0
1044 0 0 0
1045 0 0 0
1046 0 0 0
1047 0 0 0
1048 0 0 0
1049 0 0 0
1050 0 0 0
1051 0 0 0
1052 0 0 0
1053 0 0 0
1054 0 0 0
1055 0 0 0
1056 0 0 0
1057 0 0 0
1058 0 0 0
1059 0 0 0
1060 0 0 0
1061 0 0 0
1062 0 0 0
1063 0 0 0
1064 0 0 0
1065 0 0 0
1066 0 0 0
1067 0 0 0
1068 0 0 0
1069 0 0 0
1070 0 0 0
1071 0 0 0
1072 0 0 0
1073 0 0 0
1074 0 0 0
1075 0 0 0
1076 0 0 0
1077 0 0 0
1078 0 0 0
1079 0 0 0
1080 0 0 0
1081 0 0 0
1082 0 0 0
1083 0 0 0
1084 0 0 0
1085 0 0 0
1086 0 0 0
1087 0 0 0
1088 0 0 0
1089 0 0 0
1090 0 0 0
1091 0 0 0
1092 0 0 0
1093 0 0 0
1094 0 0 0
1095 0 0 0
1096 0 0 0
1097 0 0 0
1098 0 0 0
1099 0 0 0
1100 0 0 0
1101 0 0 0
1102 0 0 0
1103 0 0 0
1104 0 0 0
1105 0 0 0
1106 0 0 0
1107 0 0 0
1108 0 0 0
1109 0 0 0
1110 0 0 0
1111 0 0 0
1112 0 0 0
1113 0 0 0
1114 0 0 0
1115 0 0 0
1116 0 0 0
1117 0 0 0
1118 0 0 0
1119 0 0 0
1120 0 0 0
1121 0 0 0
1122 0 0 0
1123 0 0 0
1124 0 0 0
1125 0 0 0
1126 0 0 0
1127 0 0 0
1128 0 0 0
1129 0 0 0
1130 0 0 0
1131 0 0 0
1132 0 0 0
1133 0 0 0
1134 0 0 0
1135 0 0 0
1136 0 0 0
1137 0 0 0
1138 0 0 0
1139 0 0 0
1140 0 0 0
1141 0 0 0
1142 0 0 0
1143 0 0 0
1144 0 0 0
1145 0 0 0
1146 0 0 0
1147 0 0 0
1148 0 0 0
1149 0 0 0
1150 0 0 0
1151 0 0 0
1152 0 0 0
1153 0 0 0
1154 0 0 0
1155 0 0 0
1156 0 0 0
1157 0 0 0
1158 0 0 0
1159 0 0 0
1160 0 0 0
1161 0 0 0
1162 0 0 0
1163 0 0 0
1164 0 0 0
1165 0 0 0
1166 0 0 0
1167 0 0 0
1168 0 0 0
1169 0 0 0
1170 0 0 0
1171 0 0 0
1172 0 0 0
1173 0 0 0
1174 0 0 0
1175 0 0 0
1176 0 0 0
1177 0 0 0
1178 0 0 0
1179 0 0 0
1180 0 0 0
1181 0 0 0
1182 0 0 0
1183 0 0 0
1184 0 0 0
1185 0 0 0
1186 0 0 0
1187 0 0 0
1188 0 0 0
1189 0 0 0
1190 0 0 0
1191 0 0 0
1192 0 0 0
1193 0 0 0
1194 0 0 0
1195 0 0 0
1196 0 0 0
1197 0 0 0
1198 0 0 0
1199 0 0 0
1200 0 0 0
1201 0 0 0
1202 0 0 0
1203 0 0 0
1204 0 0 0
1205 0 0 0
1206 0 0 0
1207 0 0 0
1208 0 0 0
1209 0 0 0
1210 0 0 0
1211 0 0 0
1212 0 0 0
1213 0 0 0
1214 0 0 0
1215 0 0 0
1216 0 0 0
1217 0 0 0
1218 0 0 0
1219 0 0 0
1220 0 0 0
1221 0 0 0
1222 0 0 0
1223 0 0 0
1224 0 0 0
1225 0 0 0
1226 0 0 0
1227 0 0 0
1228 0 0 0
1229 0 0 0
1230 0 0 0
1231 0 0 0
1232 0 0 0
1233 0 0 0
1234 0 0 0
1235 0 0 0
1236 0 0 0
1237 0 0 0
1238 0 0 0
1239 0 0 0
1240 0 0 0
1241 0 0 0
1242 0 0 0
1243 0 0 0
1244 0 0 0
1245 0 0 0
1246 0 0 0
1247 0 0 0
1248 0 0 0
1249 0 0 0
1250 0 0 0
1251 0 0 0
1252 0 0 0
1253 0 0 0
1254 0 0 0
1255 0 0 0
1256 0 0 0
1257 0 0 0
1258 0 0 0
1259 0 0 0
1260 0 0 0
1261 0 0 0
1262 0 0 0
1263 0 0 0
1264 0 0 0
1265 0 0 0
1266 0 0 0
1267 0 0 0
1268 0 0 0
1269 0 0 0
1270 0 0 0
1271 0 0 0
1272 0 0 0
1273 0 0 0
1274 0 0 0
1275 0 0 0
1276 0 0 0
1277 0 0 0
1278 0 0 0
1279 0 0 0
1280 0 0 0
1281 0 0 0
1282 0 0 0
1283 0 0 0
1284 0 0 0
1285 0 0 0
1286 0 0 0
1287 0 0 0
1288 0 0 0
1289 0 0 0
1290 0 0 0
1291 0 0 0
1292 0 0 0
1293 0 0 0
1294 0 0 0
1295 0 0 0
1296 0 0 0
1297 0 0 0
1298 0 0 0
1299 0 0 0
1300 0 0 0
1301 0 0 0
1302 0 0 0
1303 0 0 0
1304 0 0 0
1305 0 0 0
1306 0 0 0
1307 0 0 0
1308 0 0 0
1309 0 0 0
1310 0 0 0
1311 0 0 0
1312 0 0 0
1313 0 0 0
1314 0 0 0
1315 0 0 0
1316 0 0 0
1317 0 0 0
1318 0 0 0
1319 0 0 0
1320 0 0 0
1321 0 0 0
1322 0 0 0
1323 0 0 0
1324 0 0 0
1325 0 0 0
1326 0 0 0
1327 0 0 0
1328 0 0 0
1329 0 0 0
1330 0 0 0
1331 0 0 0
1332 0 0 0
1333 0 0 0
1334 0 0 0
1335 0 0 0
1336 0 0 0
1337 0 0 0
1338 0 0 0
1339 0 0 0
1340 0 0 0
1341 0 0 0
1342 0 0 0
1343 0 0 0
1344 0 0 0
1345 0 0 0
1346 0 0 0
1347 0 0 0
1348 0 0 0
1349 0 0 0
1350 0 0 0
1351 0 0 0
1352 0 0 0
1353 0 0 0
1354 0 0 0
1355 0 0 0
1356 0 0 0
1357 0 0 0
1358 0 0 0
1359 0 0 0
1360 0 0 0
1361 0 0 0
1362 0 0 0
1363 0 0 0
1364 0 0 0
1365 0 0 0
1366 0 0 0
1367 0 0 0
1368 0 0 0
1369 0 0 0
1370 0 0 0
1371 0 0 0
1372 0 0 0
1373 0 0 0
1374 0 0 0
1375 0 0 0
1376 0 0 0
1377 0 0 0
1378 0 0 0
1379 0 0 0
1380 0 0 0
1381 0 0 0
1382 0 0 0
1383 0 0 0
1384 0 0 0
1385 0 0 0
1386 0 0 0
1387 0 0 0
1388 0 0 0
1389 0 0 0
1390 0 0 0
1391 0 0 0
1392 0 0 0
1393 0 0 0
1394 0 0 0
1395 0 0 0
1396 0 0 0
1397 0 0 0
1398 0 0 0
1399 0 0 0
1400 0 0 0
1401 0 0 0
1402 0 0 0
1403 0 0 0
1404 0 0 0
1405 0 0 0
1406 0 0 0
1407 0 0 0
1408 0 0 0
1409 0 0 0
1410 0 0 0
1411 0 0 0
1412 0 0 0
1413 0 0 0
1414 0 0 0
1415 0 0 0
1416 0 0 0
1417 0 0 0
1418 0 0 0
1419 0 0 0
1420 0 0 0
1421 0 0 0
1422 0 0 0
1423 0 0 0
1424 0 0 0
1425 0 0 0
1426 0 0 0
1427 0 0 0
1428 0 0 0
1429 0 0 0
1430 0 0 0
1431 0 0 0
1432 0 0 0
1433 0 0 0
1434 0 0 0
1435 0 0 0
1436 0 0 0
1437 0 0 0
1438 0 0 0
1439 0 0 0
1440 0 0 0
1441 0 0 0
1442 0 0 0
1443 0 0 0
1444 0 0 0
1445 0 0 0
1446 0 0 0
1447 0 0 0
1448 0 0 0
1449 0 0 0
1450 0 0 0
1451 0 0 0
1452 0 0 0
1453 0 0 0
1454 0 0 0
1455 0 0 0
1456 0 0 0
1457 0 0 0
1458 0 0 0
1459 0 0 0
1460 0 0 0
1461 0 0 0
1462 0 0 0
1463 0 0 0
1464 0 0 0
1465 0 0 0
1466 0 0 0
1467 0 0 0
1468 0 0 0
1469 0 0 0
1470 0 0 0
1471 0 0 0
1472 0 0 0
1473 0 0 0
1474 0 0 0
1475 0 0 0
1476 0 0 0
1477 0 0 0
1478 0 0 0
1479 0 0 0
1480 0 0 0
1481 0 0 0
1482 0 0 0
1483 0 0 0
1484 0 0 0
1485 0 0 0
1486 0 0 0
1487 0 0 0
1488 0 0 0
1489 0 0 0
1490 0 0 0
1491 0 0 0
1492 0 0 0
1493 0 0 0
1494 0 0 0
1495 0 0 0
1496 0 0 0
1497 0 0 0
1498 0 0 0
1499 0 0 0
1500 0 0 0
1501 0 0 0
1502 0 0 0
1503 0 0 0
1504 0 0 0
1505 0 0 0
1506 0 0 0
1507 0 0 0
1508 0 0 0
1509 0 0 0
1510 0 0 0
1511 0 0 0
1512 0 0 0
1513 0 0 0
1514 0 0 0
1515 0 0 0
1516 0 0 0
1517 0 0 0
1518 0 0 0
1519 0 0 0
1520 0 0 0
1521 0 0 0
1522 0 0 0
1523 0 0 0
1524 0 0 0
1525 0 0 0
1526 0 0 0
1527 0 0 0
1528 0 0 0
1529 0 0 0
1530 0 0 0
1531 0 0 0
1532 0 0 0
1533 0 0 0
1534 0 0 0
1535 0 0 0
1536 0 0 0
1537 0 0 0
1538 0 0 0
1539 0 0 0
1540 0 0 0
1541 0 0 0
1542 0 0 0
1543 0 0 0
1544 0 0 0
1545 0 0 0
1546 0 0 0
1547 0 0 0
1548 0 0 0
1549 0 0 0
1550 0 0 0
1551 0 0 0
1552 0 0 0
1553 0 0 0
1554 0 0 0
1555 0 0 0
1556 0 0 0
1557 0 0 0
1558 0 0 0
1559 0 0 0
1560 0 0 0
1561 0 0 0
1562 0 0 0
1563 0 0 0
1564 0 0 0
1565 0 0 0
1566 0 0 0
1567 0 0 0
1568 0 0 0
1569 0 0 0
1570 0 0 0
1571 0 0 0
1572 0 0 0
1573 0 0 0
1574 0 0 0
1575 0 0 0
1576 0 0 0
1577 0 0 0
1578 0 0 0
1579 0 0 0
1580 0 0 0
1581 0 0 0
1582 0 0 0
1583 0 0 0
1584 0 0 0
1585 0 0 0
1586 0 0 0
1587 0 0 0
1588 0 0 0
1589 0 0 0
1590 0 0 0
1591 0 0 0
1592 0 0 0
1593 0 0 0
1594 0 0 0
1595 0 0 0
1596 0 0 0
1597 0 0 0
1598 0 0 0
1599 0 0 0
1600 0 0 0
1601 0 0 0
1602 0 0 0
1603 0 0 0
1604 0 0 0
1605 0 0 0
1606 0 0 0
1607 0 0 0
1608 0 0 0
1609 0 0 0
1610 0 0 0
1611 0 0 0
1612 0 0 0
1613 0 0 0
1614 0 0 0
1615 0 0 0
1616 0 0 0
1617 0 0 0
1618 0 0 0
1619 0 0 0
1620 0 0 0
1621 0 0 0
1622 0 0 0
1623 0 0 0
1624 0 0 0
1625 0 0 0
1626 0 0 0
1627 0 0 0
1628 0 0 0
1629 0 0 0
1630 0 0 0
1631 0 0 0
1632 0 0 0
1633 0 0 0
1634 0 0 0
1635 0 0 0
1636 0 0 0
1637 0 0 0
1638 0 0 0
1639 0 0 0
1640 0 0 0
1641 0 0 0
1642 0 0 0
1643 0 0 0
1644 0 0 0
1645 0 0 0
1646 0 0 0
1647 0 0 0
1648 0 0 0
1649 0 0 0
1650 0 0 0
1651 0 0 0
1652 0 0 0
1653 0 0 0
1654 0 0 0
1655 0 0 0
1656 0 0 0
1657 0 0 0
1658 0 0 0
1659 0 0 0
1660 0 0 0
1661 0 0 0
1662 0 0 0
1663 0 0 0
1664 0 0 0
1665 0 0 0
1666 0 0 0
1667 0 0 0
1668 0 0 0
1669 0 0 0
1670 0 0 0
1671 0 0 0
1672 0 0 0
1673 0 0 0
1674 0 0 0
1675 0 0 0
1676 0 0 0
1677 0 0 0
1678 0 0 0
1679 0 0 0
1680 0 0 0
1681 0 0 0
1682 0 0 0
1683 0 0 0
1684 0 0 0
1685 0 0 0
1686 0 0 0
1687 0 0 0
1688 0 0 0
1689 0 0 0
1690 0 0 0
1691 0 0 0
1692 0 0 0
1693 0 0 0
1694 0 0 0
1695 0 0 0
1696 0 0 0
1697 0 0 0
1698 0 0 0
1699 0 0 0
1700 0 0 0
1701 0 0 0
1702 0 0 0
1703 0 0 0
1704 0 0 0
1705 0 0 0
1706 0 0 0
1707 0 0 0
1708 0 0 0
1709 0 0 0
1710 0 0 0
1711 0 0 0
1712 0 0 0
1713 0 0 0
1714 0 0 0
1715 0 0 0
1716 0 0 0
1717 0 0 0
1718 0 0 0
1719 0 0 0
1720 0 0 0
1721 0 0 0
1722 0 0 0
1723 0 0 0
1724 0 0 0
1725 0 0 0
1726 0 0 0
1727 0 0 0
1728 0 0 0
1729 0 0 0
1730 0 0 0
1731 0 0 0
1732 0 0 0
1733 0 0 0
1734 0 0 0
1735 0 0 0
1736 0 0 0
1737 0 0 0
1738 0 0 0
1739 0 0 0
1740 0 0 0
1741 0 0 0
1742 0 0 0
1743 0 0 0
1744 0 0 0
1745 0 0 0
1746 0 0 0
1747 0 0 0
1748 0 0 0
1749 0 0 0
1750 0 0 0
1751 0 0 0
1752 0 0 0
1753 0 0 0
1754 0 0 0
1755 0 0 0
1756 0 0 0
1757 0 0 0
1758 0 0 0
1759 0 0 0
1760 0 0 0
1761 0 0 0
1762 0 0 0
1763 0 0 0
1764 0 0 0
1765 0 0 0
