0 0 0 0
1 2 -1 0
2 4 1 0
3 412 1 0
4 6 2 0
5 372 2 0
6 8 4 0
7 352 4 0
8 10 6 0
9 342 6 0
10 2 -8 214
11 12 8 0
12 14 11 0
13 2 -11 183
14 16 12 0
15 340 12 0
16 2 -14 173
17 18 14 0
18 2 -17 221
19 20 17 0
20 22 19 0
21 2 -19 232
22 24 20 0
23 298 20 0
24 26 22 0
25 56 22 0
26 28 24 0
27 54 24 0
28 30 26 0
29 2 -26 63
30 32 28 0
31 46 28 0
32 34 30 0
33 36 30 0
34 2 -32 117
35 2 -32 115
36 38 33 0
37 40 33 0
38 2 -36 119
39 2 -36 110
40 42 37 0
41 44 37 0
42 2 -40 129
43 2 -40 99
44 2 -41 146
45 2 -41 140
46 2 -31 149
47 48 31 0
48 50 47 0
49 52 47 0
50 2 -48 126
51 2 -48 120
52 2 -49 152
53 2 -49 132
54 2 -27 57
55 2 -27 53
56 58 25 0
57 274 25 0
58 60 56 0
59 2 -56 49
60 62 58 0
61 2 -58 139
62 2 -60 42
63 64 60 0
64 2 -63 131
65 66 63 0
66 2 -65 113
67 68 65 0
68 70 67 0
69 2 -67 130
70 72 68 0
71 74 68 0
72 2 -70 92
73 2 -70 59
74 76 71 0
75 2 -71 123
76 78 74 0
77 2 -74 138
78 80 76 0
79 2 -76 0
80 82 78 0
81 2 -78 1
82 84 80 0
83 2 -80 2
84 86 82 0
85 2 -82 3
86 88 84 0
87 2 -84 4
88 90 86 0
89 2 -86 5
90 92 88 0
91 2 -88 6
92 94 90 0
93 2 -90 7
94 96 92 0
95 2 -92 8
96 98 94 0
97 2 -94 9
98 100 96 0
99 2 -96 11
100 102 98 0
101 2 -98 12
102 104 100 0
103 2 -100 14
104 106 102 0
105 2 -102 15
106 108 104 0
107 2 -104 16
108 110 106 0
109 2 -106 17
110 112 108 0
111 2 -108 18
112 114 110 0
113 2 -110 19
114 116 112 0
115 2 -112 20
116 118 114 0
117 2 -114 21
118 120 116 0
119 2 -116 22
120 122 118 0
121 2 -118 23
122 124 120 0
123 2 -120 24
124 126 122 0
125 2 -122 25
126 128 124 0
127 2 -124 26
128 130 126 0
129 2 -126 27
130 132 128 0
131 2 -128 28
132 134 130 0
133 2 -130 29
134 136 132 0
135 2 -132 30
136 138 134 0
137 2 -134 31
138 140 136 0
139 2 -136 32
140 142 138 0
141 2 -138 34
142 144 140 0
143 2 -140 37
144 146 142 0
145 2 -142 38
146 148 144 0
147 2 -144 39
148 150 146 0
149 2 -146 43
150 152 148 0
151 2 -148 45
152 154 150 0
153 2 -150 60
154 156 152 0
155 2 -152 61
156 158 154 0
157 2 -154 62
158 160 156 0
159 2 -156 64
160 162 158 0
161 2 -158 65
162 164 160 0
163 2 -160 66
164 166 162 0
165 2 -162 67
166 168 164 0
167 2 -164 68
168 170 166 0
169 2 -166 69
170 172 168 0
171 2 -168 70
172 174 170 0
173 2 -170 71
174 176 172 0
175 2 -172 72
176 178 174 0
177 2 -174 73
178 180 176 0
179 2 -176 74
180 182 178 0
181 2 -178 75
182 184 180 0
183 2 -180 76
184 186 182 0
185 2 -182 77
186 188 184 0
187 2 -184 80
188 190 186 0
189 2 -186 81
190 192 188 0
191 2 -188 82
192 194 190 0
193 2 -190 83
194 196 192 0
195 2 -192 84
196 198 194 0
197 2 -194 85
198 200 196 0
199 2 -196 86
200 202 198 0
201 2 -198 88
202 204 200 0
203 2 -200 89
204 206 202 0
205 2 -202 90
206 208 204 0
207 2 -204 91
208 210 206 0
209 2 -206 93
210 212 208 0
211 2 -208 94
212 214 210 0
213 2 -210 95
214 216 212 0
215 2 -212 96
216 218 214 0
217 2 -214 106
218 220 216 0
219 2 -216 107
220 222 218 0
221 2 -218 108
222 224 220 0
223 2 -220 114
224 226 222 0
225 2 -222 121
226 228 224 0
227 2 -224 122
228 230 226 0
229 2 -226 124
230 232 228 0
231 2 -228 127
232 234 230 0
233 2 -230 128
234 236 232 0
235 2 -232 133
236 238 234 0
237 2 -234 136
238 240 236 0
239 2 -236 137
240 242 238 0
241 2 -238 141
242 244 240 0
243 2 -240 142
244 246 242 0
245 2 -242 143
246 248 244 0
247 2 -244 144
248 250 246 0
249 2 -246 145
250 252 248 0
251 2 -248 147
252 254 250 0
253 2 -250 148
254 256 252 0
255 2 -252 150
256 258 254 0
257 2 -254 151
258 260 256 0
259 2 -256 153
260 262 258 0
261 2 -258 154
262 264 260 0
263 2 -260 155
264 266 262 0
265 2 -262 156
266 268 264 0
267 2 -264 157
268 270 266 0
269 2 -266 158
270 272 268 0
271 2 -268 159
272 2 -270 255
273 2 -270 160
274 276 57 0
275 2 -57 50
276 2 -274 101
277 278 274 0
278 280 277 0
279 2 -277 100
280 282 278 0
281 284 278 0
282 2 -280 134
283 2 -280 97
284 286 281 0
285 292 281 0
286 288 284 0
287 290 284 0
288 2 -286 118
289 2 -286 112
290 2 -287 135
291 2 -287 125
292 294 285 0
293 296 285 0
294 2 -292 79
295 2 -292 78
296 2 -293 111
297 2 -293 109
298 300 23 0
299 316 23 0
300 2 -298 54
301 302 298 0
302 304 301 0
303 314 301 0
304 2 -302 48
305 306 302 0
306 308 305 0
307 2 -305 102
308 310 306 0
309 312 306 0
310 2 -308 104
311 2 -308 103
312 2 -309 44
313 2 -309 116
314 2 -303 56
315 2 -303 46
316 318 299 0
317 2 -299 55
318 320 316 0
319 338 316 0
320 322 318 0
321 2 -318 33
322 324 320 0
323 2 -320 58
324 326 322 0
325 2 -322 105
326 2 -324 36
327 328 324 0
328 330 327 0
329 336 327 0
330 2 -328 47
331 332 328 0
332 2 -331 35
333 334 331 0
334 2 -333 41
335 2 -333 40
336 2 -329 98
337 2 -329 87
338 2 -319 51
339 2 -319 52
340 2 -15 165
341 2 -15 229
342 344 9 0
343 350 9 0
344 346 342 0
345 2 -342 176
346 2 -344 248
347 348 344 0
348 2 -347 222
349 2 -347 168
350 2 -343 188
351 2 -343 185
352 354 7 0
353 370 7 0
354 356 352 0
355 364 352 0
356 358 354 0
357 2 -354 206
358 2 -356 249
359 360 356 0
360 362 359 0
361 2 -359 230
362 2 -360 164
363 2 -360 234
364 2 -355 191
365 366 355 0
366 2 -365 171
367 368 365 0
368 2 -367 223
369 2 -367 217
370 2 -353 13
371 2 -353 10
372 374 5 0
373 398 5 0
374 376 372 0
375 384 372 0
376 378 374 0
377 2 -374 196
378 2 -376 190
379 380 376 0
380 382 379 0
381 2 -379 253
382 2 -380 233
383 2 -380 247
384 386 375 0
385 396 375 0
386 388 384 0
387 394 384 0
388 390 386 0
389 392 386 0
390 2 -388 242
391 2 -388 237
392 2 -389 236
393 2 -389 235
394 2 -387 204
395 2 -387 170
396 2 -385 211
397 2 -385 192
398 400 373 0
399 408 373 0
400 2 -398 210
401 402 398 0
402 2 -401 207
403 404 401 0
404 406 403 0
405 2 -403 194
406 2 -404 245
407 2 -404 240
408 410 399 0
409 2 -399 172
410 2 -408 215
411 2 -408 201
412 414 3 0
413 462 3 0
414 416 412 0
415 444 412 0
416 418 414 0
417 432 414 0
418 420 416 0
419 430 416 0
420 422 418 0
421 2 -418 189
422 424 420 0
423 2 -420 246
424 426 422 0
425 428 422 0
426 2 -424 244
427 2 -424 239
428 2 -425 169
429 2 -425 241
430 2 -419 213
431 2 -419 178
432 434 417 0
433 436 417 0
434 2 -432 212
435 2 -432 177
436 438 433 0
437 440 433 0
438 2 -436 218
439 2 -436 197
440 442 437 0
441 2 -437 209
442 2 -440 220
443 2 -440 166
444 446 415 0
445 450 415 0
446 2 -444 203
447 448 444 0
448 2 -447 208
449 2 -447 186
450 2 -445 187
451 452 445 0
452 2 -451 195
453 454 451 0
454 2 -453 198
455 456 453 0
456 458 455 0
457 460 455 0
458 2 -456 167
459 2 -456 238
460 2 -457 219
461 2 -457 252
462 464 413 0
463 484 413 0
464 466 462 0
465 480 462 0
466 2 -464 181
467 468 464 0
468 470 467 0
469 472 467 0
470 2 -468 174
471 2 -468 226
472 474 469 0
473 476 469 0
474 2 -472 162
475 2 -472 243
476 478 473 0
477 2 -473 227
478 2 -476 254
479 2 -476 225
480 2 -465 163
481 482 465 0
482 2 -481 193
483 2 -481 180
484 486 463 0
485 496 463 0
486 488 484 0
487 494 484 0
488 2 -486 199
489 490 486 0
490 2 -489 179
491 492 489 0
492 2 -491 216
493 2 -491 228
494 2 -487 200
495 2 -487 182
496 498 485 0
497 508 485 0
498 500 496 0
499 2 -496 161
500 502 498 0
501 2 -498 251
502 504 500 0
503 506 500 0
504 2 -502 231
505 2 -502 250
506 2 -503 175
507 2 -503 224
508 2 -497 202
509 510 497 0
510 2 -509 184
511 2 -509 205
512 0 0 0
513 0 0 0
514 0 0 0
515 0 0 0
516 0 0 0
517 0 0 0
518 0 0 0
519 0 0 0
520 0 0 0
521 0 0 0
522 0 0 0
523 0 0 0
524 0 0 0
525 0 0 0
526 0 0 0
527 0 0 0
528 0 0 0
529 0 0 0
530 0 0 0
531 0 0 0
532 0 0 0
533 0 0 0
534 0 0 0
535 0 0 0
536 0 0 0
537 0 0 0
538 0 0 0
539 0 0 0
540 0 0 0
541 0 0 0
542 0 0 0
543 0 0 0
544 0 0 0
545 0 0 0
546 0 0 0
547 0 0 0
548 0 0 0
549 0 0 0
550 0 0 0
551 0 0 0
552 0 0 0
553 0 0 0
554 0 0 0
555 0 0 0
556 0 0 0
557 0 0 0
558 0 0 0
559 0 0 0
560 0 0 0
561 0 0 0
562 0 0 0
563 0 0 0
564 0 0 0
565 0 0 0
566 0 0 0
567 0 0 0
568 0 0 0
569 0 0 0
570 0 0 0
571 0 0 0
572 0 0 0
573 0 0 0
574 0 0 0
575 0 0 0
576 0 0 0
577 0 0 0
578 0 0 0
579 0 0 0
580 0 0 0
581 0 0 0
582 0 0 0
583 0 0 0
584 0 0 0
585 0 0 0
586 0 0 0
587 0 0 0
588 0 0 0
589 0 0 0
590 0 0 0
591 0 0 0
592 0 0 0
593 0 0 0
594 0 0 0
595 0 0 0
596 0 0 0
597 0 0 0
598 0 0 0
599 0 0 0
600 0 0 0
601 0 0 0
602 0 0 0
603 0 0 0
604 0 0 0
605 0 0 0
606 0 0 0
607 0 0 0
608 0 0 0
609 0 0 0
610 0 0 0
611 0 0 0
